{
 "cells": [
  {
   "cell_type": "code",
   "execution_count": 6,
   "metadata": {},
   "outputs": [],
   "source": [
    "import pandas_datareader as pdr\n",
    "import pandas as pd\n",
    "import numpy as np\n",
    "import matplotlib.pyplot as plt"
   ]
  },
  {
   "cell_type": "code",
   "execution_count": 2,
   "metadata": {},
   "outputs": [
    {
     "data": {
      "text/html": [
       "<div>\n",
       "<style scoped>\n",
       "    .dataframe tbody tr th:only-of-type {\n",
       "        vertical-align: middle;\n",
       "    }\n",
       "\n",
       "    .dataframe tbody tr th {\n",
       "        vertical-align: top;\n",
       "    }\n",
       "\n",
       "    .dataframe thead th {\n",
       "        text-align: right;\n",
       "    }\n",
       "</style>\n",
       "<table border=\"1\" class=\"dataframe\">\n",
       "  <thead>\n",
       "    <tr style=\"text-align: right;\">\n",
       "      <th></th>\n",
       "      <th>Open</th>\n",
       "      <th>High</th>\n",
       "      <th>Low</th>\n",
       "      <th>Close</th>\n",
       "      <th>Volume</th>\n",
       "    </tr>\n",
       "    <tr>\n",
       "      <th>Date</th>\n",
       "      <th></th>\n",
       "      <th></th>\n",
       "      <th></th>\n",
       "      <th></th>\n",
       "      <th></th>\n",
       "    </tr>\n",
       "  </thead>\n",
       "  <tbody>\n",
       "    <tr>\n",
       "      <th>2021-11-22</th>\n",
       "      <td>152.00</td>\n",
       "      <td>152.47</td>\n",
       "      <td>146.89</td>\n",
       "      <td>147.81</td>\n",
       "      <td>4423414</td>\n",
       "    </tr>\n",
       "    <tr>\n",
       "      <th>2021-11-23</th>\n",
       "      <td>147.90</td>\n",
       "      <td>151.62</td>\n",
       "      <td>147.76</td>\n",
       "      <td>150.49</td>\n",
       "      <td>3376812</td>\n",
       "    </tr>\n",
       "    <tr>\n",
       "      <th>2021-11-24</th>\n",
       "      <td>148.93</td>\n",
       "      <td>151.58</td>\n",
       "      <td>146.89</td>\n",
       "      <td>151.39</td>\n",
       "      <td>2663238</td>\n",
       "    </tr>\n",
       "    <tr>\n",
       "      <th>2021-11-26</th>\n",
       "      <td>148.52</td>\n",
       "      <td>154.45</td>\n",
       "      <td>147.89</td>\n",
       "      <td>153.06</td>\n",
       "      <td>3267102</td>\n",
       "    </tr>\n",
       "    <tr>\n",
       "      <th>2021-11-29</th>\n",
       "      <td>153.00</td>\n",
       "      <td>153.00</td>\n",
       "      <td>148.80</td>\n",
       "      <td>150.29</td>\n",
       "      <td>3745624</td>\n",
       "    </tr>\n",
       "    <tr>\n",
       "      <th>2021-11-30</th>\n",
       "      <td>149.12</td>\n",
       "      <td>151.45</td>\n",
       "      <td>147.01</td>\n",
       "      <td>149.84</td>\n",
       "      <td>4815568</td>\n",
       "    </tr>\n",
       "    <tr>\n",
       "      <th>2021-12-01</th>\n",
       "      <td>150.66</td>\n",
       "      <td>152.00</td>\n",
       "      <td>147.51</td>\n",
       "      <td>148.83</td>\n",
       "      <td>4139282</td>\n",
       "    </tr>\n",
       "    <tr>\n",
       "      <th>2021-12-02</th>\n",
       "      <td>148.40</td>\n",
       "      <td>151.55</td>\n",
       "      <td>145.20</td>\n",
       "      <td>148.96</td>\n",
       "      <td>4979653</td>\n",
       "    </tr>\n",
       "    <tr>\n",
       "      <th>2021-12-03</th>\n",
       "      <td>141.85</td>\n",
       "      <td>143.60</td>\n",
       "      <td>132.14</td>\n",
       "      <td>137.39</td>\n",
       "      <td>10411847</td>\n",
       "    </tr>\n",
       "    <tr>\n",
       "      <th>2021-12-06</th>\n",
       "      <td>136.25</td>\n",
       "      <td>147.80</td>\n",
       "      <td>136.11</td>\n",
       "      <td>147.65</td>\n",
       "      <td>4962278</td>\n",
       "    </tr>\n",
       "    <tr>\n",
       "      <th>2021-12-07</th>\n",
       "      <td>150.18</td>\n",
       "      <td>151.61</td>\n",
       "      <td>147.10</td>\n",
       "      <td>149.89</td>\n",
       "      <td>4327345</td>\n",
       "    </tr>\n",
       "  </tbody>\n",
       "</table>\n",
       "</div>"
      ],
      "text/plain": [
       "              Open    High     Low   Close    Volume\n",
       "Date                                                \n",
       "2021-11-22  152.00  152.47  146.89  147.81   4423414\n",
       "2021-11-23  147.90  151.62  147.76  150.49   3376812\n",
       "2021-11-24  148.93  151.58  146.89  151.39   2663238\n",
       "2021-11-26  148.52  154.45  147.89  153.06   3267102\n",
       "2021-11-29  153.00  153.00  148.80  150.29   3745624\n",
       "2021-11-30  149.12  151.45  147.01  149.84   4815568\n",
       "2021-12-01  150.66  152.00  147.51  148.83   4139282\n",
       "2021-12-02  148.40  151.55  145.20  148.96   4979653\n",
       "2021-12-03  141.85  143.60  132.14  137.39  10411847\n",
       "2021-12-06  136.25  147.80  136.11  147.65   4962278\n",
       "2021-12-07  150.18  151.61  147.10  149.89   4327345"
      ]
     },
     "execution_count": 2,
     "metadata": {},
     "output_type": "execute_result"
    }
   ],
   "source": [
    "baidu_df=pdr.get_data_stooq('BIDU',start='2021-11-22',end='2021-12-7')\n",
    "baidu_df.sort_index(inplace=True)\n",
    "baidu_df\n"
   ]
  },
  {
   "cell_type": "code",
   "execution_count": 3,
   "metadata": {},
   "outputs": [
    {
     "data": {
      "text/html": [
       "<div>\n",
       "<style scoped>\n",
       "    .dataframe tbody tr th:only-of-type {\n",
       "        vertical-align: middle;\n",
       "    }\n",
       "\n",
       "    .dataframe tbody tr th {\n",
       "        vertical-align: top;\n",
       "    }\n",
       "\n",
       "    .dataframe thead th {\n",
       "        text-align: right;\n",
       "    }\n",
       "</style>\n",
       "<table border=\"1\" class=\"dataframe\">\n",
       "  <thead>\n",
       "    <tr style=\"text-align: right;\">\n",
       "      <th></th>\n",
       "      <th>Open</th>\n",
       "      <th>High</th>\n",
       "      <th>Low</th>\n",
       "      <th>Close</th>\n",
       "      <th>Volume</th>\n",
       "    </tr>\n",
       "    <tr>\n",
       "      <th>Date</th>\n",
       "      <th></th>\n",
       "      <th></th>\n",
       "      <th></th>\n",
       "      <th></th>\n",
       "      <th></th>\n",
       "    </tr>\n",
       "  </thead>\n",
       "  <tbody>\n",
       "    <tr>\n",
       "      <th>2021-11-22</th>\n",
       "      <td>NaN</td>\n",
       "      <td>NaN</td>\n",
       "      <td>NaN</td>\n",
       "      <td>NaN</td>\n",
       "      <td>NaN</td>\n",
       "    </tr>\n",
       "    <tr>\n",
       "      <th>2021-11-23</th>\n",
       "      <td>NaN</td>\n",
       "      <td>NaN</td>\n",
       "      <td>NaN</td>\n",
       "      <td>NaN</td>\n",
       "      <td>NaN</td>\n",
       "    </tr>\n",
       "    <tr>\n",
       "      <th>2021-11-24</th>\n",
       "      <td>NaN</td>\n",
       "      <td>NaN</td>\n",
       "      <td>NaN</td>\n",
       "      <td>NaN</td>\n",
       "      <td>NaN</td>\n",
       "    </tr>\n",
       "    <tr>\n",
       "      <th>2021-11-26</th>\n",
       "      <td>NaN</td>\n",
       "      <td>NaN</td>\n",
       "      <td>NaN</td>\n",
       "      <td>NaN</td>\n",
       "      <td>NaN</td>\n",
       "    </tr>\n",
       "    <tr>\n",
       "      <th>2021-11-29</th>\n",
       "      <td>150.070</td>\n",
       "      <td>152.624</td>\n",
       "      <td>147.646</td>\n",
       "      <td>150.608</td>\n",
       "      <td>3495238.0</td>\n",
       "    </tr>\n",
       "    <tr>\n",
       "      <th>2021-11-30</th>\n",
       "      <td>149.494</td>\n",
       "      <td>152.420</td>\n",
       "      <td>147.670</td>\n",
       "      <td>151.014</td>\n",
       "      <td>3573668.8</td>\n",
       "    </tr>\n",
       "    <tr>\n",
       "      <th>2021-12-01</th>\n",
       "      <td>150.046</td>\n",
       "      <td>152.496</td>\n",
       "      <td>147.620</td>\n",
       "      <td>150.682</td>\n",
       "      <td>3726162.8</td>\n",
       "    </tr>\n",
       "    <tr>\n",
       "      <th>2021-12-02</th>\n",
       "      <td>149.940</td>\n",
       "      <td>152.490</td>\n",
       "      <td>147.282</td>\n",
       "      <td>150.196</td>\n",
       "      <td>4189445.8</td>\n",
       "    </tr>\n",
       "    <tr>\n",
       "      <th>2021-12-03</th>\n",
       "      <td>148.606</td>\n",
       "      <td>150.320</td>\n",
       "      <td>144.132</td>\n",
       "      <td>147.062</td>\n",
       "      <td>5618394.8</td>\n",
       "    </tr>\n",
       "    <tr>\n",
       "      <th>2021-12-06</th>\n",
       "      <td>145.256</td>\n",
       "      <td>149.280</td>\n",
       "      <td>141.594</td>\n",
       "      <td>146.534</td>\n",
       "      <td>5861725.6</td>\n",
       "    </tr>\n",
       "    <tr>\n",
       "      <th>2021-12-07</th>\n",
       "      <td>145.468</td>\n",
       "      <td>149.312</td>\n",
       "      <td>141.612</td>\n",
       "      <td>146.544</td>\n",
       "      <td>5764081.0</td>\n",
       "    </tr>\n",
       "  </tbody>\n",
       "</table>\n",
       "</div>"
      ],
      "text/plain": [
       "               Open     High      Low    Close     Volume\n",
       "Date                                                     \n",
       "2021-11-22      NaN      NaN      NaN      NaN        NaN\n",
       "2021-11-23      NaN      NaN      NaN      NaN        NaN\n",
       "2021-11-24      NaN      NaN      NaN      NaN        NaN\n",
       "2021-11-26      NaN      NaN      NaN      NaN        NaN\n",
       "2021-11-29  150.070  152.624  147.646  150.608  3495238.0\n",
       "2021-11-30  149.494  152.420  147.670  151.014  3573668.8\n",
       "2021-12-01  150.046  152.496  147.620  150.682  3726162.8\n",
       "2021-12-02  149.940  152.490  147.282  150.196  4189445.8\n",
       "2021-12-03  148.606  150.320  144.132  147.062  5618394.8\n",
       "2021-12-06  145.256  149.280  141.594  146.534  5861725.6\n",
       "2021-12-07  145.468  149.312  141.612  146.544  5764081.0"
      ]
     },
     "execution_count": 3,
     "metadata": {},
     "output_type": "execute_result"
    }
   ],
   "source": [
    "baidu_df.rolling(5).mean()"
   ]
  },
  {
   "cell_type": "code",
   "execution_count": 5,
   "metadata": {},
   "outputs": [
    {
     "data": {
      "text/plain": [
       "Date\n",
       "2021-11-22        NaN\n",
       "2021-11-23        NaN\n",
       "2021-11-24        NaN\n",
       "2021-11-26        NaN\n",
       "2021-11-29    150.608\n",
       "2021-11-30    151.014\n",
       "2021-12-01    150.682\n",
       "2021-12-02    150.196\n",
       "2021-12-03    147.062\n",
       "2021-12-06    146.534\n",
       "2021-12-07    146.544\n",
       "Name: Close, dtype: float64"
      ]
     },
     "execution_count": 5,
     "metadata": {},
     "output_type": "execute_result"
    }
   ],
   "source": [
    "baidu_df.Close.rolling(5).mean()"
   ]
  },
  {
   "cell_type": "code",
   "execution_count": 9,
   "metadata": {},
   "outputs": [
    {
     "data": {
      "text/html": [
       "<div>\n",
       "<style scoped>\n",
       "    .dataframe tbody tr th:only-of-type {\n",
       "        vertical-align: middle;\n",
       "    }\n",
       "\n",
       "    .dataframe tbody tr th {\n",
       "        vertical-align: top;\n",
       "    }\n",
       "\n",
       "    .dataframe thead th {\n",
       "        text-align: right;\n",
       "    }\n",
       "</style>\n",
       "<table border=\"1\" class=\"dataframe\">\n",
       "  <thead>\n",
       "    <tr style=\"text-align: right;\">\n",
       "      <th></th>\n",
       "      <th>CRIM</th>\n",
       "      <th>ZN</th>\n",
       "      <th>INDUS</th>\n",
       "      <th>CHAS</th>\n",
       "      <th>NOX</th>\n",
       "      <th>RM</th>\n",
       "      <th>AGE</th>\n",
       "      <th>DIS</th>\n",
       "      <th>RAD</th>\n",
       "      <th>TAX</th>\n",
       "      <th>PTRATIO</th>\n",
       "      <th>B</th>\n",
       "      <th>LSTAT</th>\n",
       "      <th>PRICE</th>\n",
       "    </tr>\n",
       "  </thead>\n",
       "  <tbody>\n",
       "    <tr>\n",
       "      <th>CRIM</th>\n",
       "      <td>1.000000</td>\n",
       "      <td>-0.200469</td>\n",
       "      <td>0.406583</td>\n",
       "      <td>-0.055892</td>\n",
       "      <td>0.420972</td>\n",
       "      <td>-0.219247</td>\n",
       "      <td>0.352734</td>\n",
       "      <td>-0.379670</td>\n",
       "      <td>0.625505</td>\n",
       "      <td>0.582764</td>\n",
       "      <td>0.289946</td>\n",
       "      <td>-0.385064</td>\n",
       "      <td>0.455621</td>\n",
       "      <td>-0.388305</td>\n",
       "    </tr>\n",
       "    <tr>\n",
       "      <th>ZN</th>\n",
       "      <td>-0.200469</td>\n",
       "      <td>1.000000</td>\n",
       "      <td>-0.533828</td>\n",
       "      <td>-0.042697</td>\n",
       "      <td>-0.516604</td>\n",
       "      <td>0.311991</td>\n",
       "      <td>-0.569537</td>\n",
       "      <td>0.664408</td>\n",
       "      <td>-0.311948</td>\n",
       "      <td>-0.314563</td>\n",
       "      <td>-0.391679</td>\n",
       "      <td>0.175520</td>\n",
       "      <td>-0.412995</td>\n",
       "      <td>0.360445</td>\n",
       "    </tr>\n",
       "    <tr>\n",
       "      <th>INDUS</th>\n",
       "      <td>0.406583</td>\n",
       "      <td>-0.533828</td>\n",
       "      <td>1.000000</td>\n",
       "      <td>0.062938</td>\n",
       "      <td>0.763651</td>\n",
       "      <td>-0.391676</td>\n",
       "      <td>0.644779</td>\n",
       "      <td>-0.708027</td>\n",
       "      <td>0.595129</td>\n",
       "      <td>0.720760</td>\n",
       "      <td>0.383248</td>\n",
       "      <td>-0.356977</td>\n",
       "      <td>0.603800</td>\n",
       "      <td>-0.483725</td>\n",
       "    </tr>\n",
       "    <tr>\n",
       "      <th>CHAS</th>\n",
       "      <td>-0.055892</td>\n",
       "      <td>-0.042697</td>\n",
       "      <td>0.062938</td>\n",
       "      <td>1.000000</td>\n",
       "      <td>0.091203</td>\n",
       "      <td>0.091251</td>\n",
       "      <td>0.086518</td>\n",
       "      <td>-0.099176</td>\n",
       "      <td>-0.007368</td>\n",
       "      <td>-0.035587</td>\n",
       "      <td>-0.121515</td>\n",
       "      <td>0.048788</td>\n",
       "      <td>-0.053929</td>\n",
       "      <td>0.175260</td>\n",
       "    </tr>\n",
       "    <tr>\n",
       "      <th>NOX</th>\n",
       "      <td>0.420972</td>\n",
       "      <td>-0.516604</td>\n",
       "      <td>0.763651</td>\n",
       "      <td>0.091203</td>\n",
       "      <td>1.000000</td>\n",
       "      <td>-0.302188</td>\n",
       "      <td>0.731470</td>\n",
       "      <td>-0.769230</td>\n",
       "      <td>0.611441</td>\n",
       "      <td>0.668023</td>\n",
       "      <td>0.188933</td>\n",
       "      <td>-0.380051</td>\n",
       "      <td>0.590879</td>\n",
       "      <td>-0.427321</td>\n",
       "    </tr>\n",
       "    <tr>\n",
       "      <th>RM</th>\n",
       "      <td>-0.219247</td>\n",
       "      <td>0.311991</td>\n",
       "      <td>-0.391676</td>\n",
       "      <td>0.091251</td>\n",
       "      <td>-0.302188</td>\n",
       "      <td>1.000000</td>\n",
       "      <td>-0.240265</td>\n",
       "      <td>0.205246</td>\n",
       "      <td>-0.209847</td>\n",
       "      <td>-0.292048</td>\n",
       "      <td>-0.355501</td>\n",
       "      <td>0.128069</td>\n",
       "      <td>-0.613808</td>\n",
       "      <td>0.695360</td>\n",
       "    </tr>\n",
       "    <tr>\n",
       "      <th>AGE</th>\n",
       "      <td>0.352734</td>\n",
       "      <td>-0.569537</td>\n",
       "      <td>0.644779</td>\n",
       "      <td>0.086518</td>\n",
       "      <td>0.731470</td>\n",
       "      <td>-0.240265</td>\n",
       "      <td>1.000000</td>\n",
       "      <td>-0.747881</td>\n",
       "      <td>0.456022</td>\n",
       "      <td>0.506456</td>\n",
       "      <td>0.261515</td>\n",
       "      <td>-0.273534</td>\n",
       "      <td>0.602339</td>\n",
       "      <td>-0.376955</td>\n",
       "    </tr>\n",
       "    <tr>\n",
       "      <th>DIS</th>\n",
       "      <td>-0.379670</td>\n",
       "      <td>0.664408</td>\n",
       "      <td>-0.708027</td>\n",
       "      <td>-0.099176</td>\n",
       "      <td>-0.769230</td>\n",
       "      <td>0.205246</td>\n",
       "      <td>-0.747881</td>\n",
       "      <td>1.000000</td>\n",
       "      <td>-0.494588</td>\n",
       "      <td>-0.534432</td>\n",
       "      <td>-0.232471</td>\n",
       "      <td>0.291512</td>\n",
       "      <td>-0.496996</td>\n",
       "      <td>0.249929</td>\n",
       "    </tr>\n",
       "    <tr>\n",
       "      <th>RAD</th>\n",
       "      <td>0.625505</td>\n",
       "      <td>-0.311948</td>\n",
       "      <td>0.595129</td>\n",
       "      <td>-0.007368</td>\n",
       "      <td>0.611441</td>\n",
       "      <td>-0.209847</td>\n",
       "      <td>0.456022</td>\n",
       "      <td>-0.494588</td>\n",
       "      <td>1.000000</td>\n",
       "      <td>0.910228</td>\n",
       "      <td>0.464741</td>\n",
       "      <td>-0.444413</td>\n",
       "      <td>0.488676</td>\n",
       "      <td>-0.381626</td>\n",
       "    </tr>\n",
       "    <tr>\n",
       "      <th>TAX</th>\n",
       "      <td>0.582764</td>\n",
       "      <td>-0.314563</td>\n",
       "      <td>0.720760</td>\n",
       "      <td>-0.035587</td>\n",
       "      <td>0.668023</td>\n",
       "      <td>-0.292048</td>\n",
       "      <td>0.506456</td>\n",
       "      <td>-0.534432</td>\n",
       "      <td>0.910228</td>\n",
       "      <td>1.000000</td>\n",
       "      <td>0.460853</td>\n",
       "      <td>-0.441808</td>\n",
       "      <td>0.543993</td>\n",
       "      <td>-0.468536</td>\n",
       "    </tr>\n",
       "    <tr>\n",
       "      <th>PTRATIO</th>\n",
       "      <td>0.289946</td>\n",
       "      <td>-0.391679</td>\n",
       "      <td>0.383248</td>\n",
       "      <td>-0.121515</td>\n",
       "      <td>0.188933</td>\n",
       "      <td>-0.355501</td>\n",
       "      <td>0.261515</td>\n",
       "      <td>-0.232471</td>\n",
       "      <td>0.464741</td>\n",
       "      <td>0.460853</td>\n",
       "      <td>1.000000</td>\n",
       "      <td>-0.177383</td>\n",
       "      <td>0.374044</td>\n",
       "      <td>-0.507787</td>\n",
       "    </tr>\n",
       "    <tr>\n",
       "      <th>B</th>\n",
       "      <td>-0.385064</td>\n",
       "      <td>0.175520</td>\n",
       "      <td>-0.356977</td>\n",
       "      <td>0.048788</td>\n",
       "      <td>-0.380051</td>\n",
       "      <td>0.128069</td>\n",
       "      <td>-0.273534</td>\n",
       "      <td>0.291512</td>\n",
       "      <td>-0.444413</td>\n",
       "      <td>-0.441808</td>\n",
       "      <td>-0.177383</td>\n",
       "      <td>1.000000</td>\n",
       "      <td>-0.366087</td>\n",
       "      <td>0.333461</td>\n",
       "    </tr>\n",
       "    <tr>\n",
       "      <th>LSTAT</th>\n",
       "      <td>0.455621</td>\n",
       "      <td>-0.412995</td>\n",
       "      <td>0.603800</td>\n",
       "      <td>-0.053929</td>\n",
       "      <td>0.590879</td>\n",
       "      <td>-0.613808</td>\n",
       "      <td>0.602339</td>\n",
       "      <td>-0.496996</td>\n",
       "      <td>0.488676</td>\n",
       "      <td>0.543993</td>\n",
       "      <td>0.374044</td>\n",
       "      <td>-0.366087</td>\n",
       "      <td>1.000000</td>\n",
       "      <td>-0.737663</td>\n",
       "    </tr>\n",
       "    <tr>\n",
       "      <th>PRICE</th>\n",
       "      <td>-0.388305</td>\n",
       "      <td>0.360445</td>\n",
       "      <td>-0.483725</td>\n",
       "      <td>0.175260</td>\n",
       "      <td>-0.427321</td>\n",
       "      <td>0.695360</td>\n",
       "      <td>-0.376955</td>\n",
       "      <td>0.249929</td>\n",
       "      <td>-0.381626</td>\n",
       "      <td>-0.468536</td>\n",
       "      <td>-0.507787</td>\n",
       "      <td>0.333461</td>\n",
       "      <td>-0.737663</td>\n",
       "      <td>1.000000</td>\n",
       "    </tr>\n",
       "  </tbody>\n",
       "</table>\n",
       "</div>"
      ],
      "text/plain": [
       "             CRIM        ZN     INDUS      CHAS       NOX        RM       AGE  \\\n",
       "CRIM     1.000000 -0.200469  0.406583 -0.055892  0.420972 -0.219247  0.352734   \n",
       "ZN      -0.200469  1.000000 -0.533828 -0.042697 -0.516604  0.311991 -0.569537   \n",
       "INDUS    0.406583 -0.533828  1.000000  0.062938  0.763651 -0.391676  0.644779   \n",
       "CHAS    -0.055892 -0.042697  0.062938  1.000000  0.091203  0.091251  0.086518   \n",
       "NOX      0.420972 -0.516604  0.763651  0.091203  1.000000 -0.302188  0.731470   \n",
       "RM      -0.219247  0.311991 -0.391676  0.091251 -0.302188  1.000000 -0.240265   \n",
       "AGE      0.352734 -0.569537  0.644779  0.086518  0.731470 -0.240265  1.000000   \n",
       "DIS     -0.379670  0.664408 -0.708027 -0.099176 -0.769230  0.205246 -0.747881   \n",
       "RAD      0.625505 -0.311948  0.595129 -0.007368  0.611441 -0.209847  0.456022   \n",
       "TAX      0.582764 -0.314563  0.720760 -0.035587  0.668023 -0.292048  0.506456   \n",
       "PTRATIO  0.289946 -0.391679  0.383248 -0.121515  0.188933 -0.355501  0.261515   \n",
       "B       -0.385064  0.175520 -0.356977  0.048788 -0.380051  0.128069 -0.273534   \n",
       "LSTAT    0.455621 -0.412995  0.603800 -0.053929  0.590879 -0.613808  0.602339   \n",
       "PRICE   -0.388305  0.360445 -0.483725  0.175260 -0.427321  0.695360 -0.376955   \n",
       "\n",
       "              DIS       RAD       TAX   PTRATIO         B     LSTAT     PRICE  \n",
       "CRIM    -0.379670  0.625505  0.582764  0.289946 -0.385064  0.455621 -0.388305  \n",
       "ZN       0.664408 -0.311948 -0.314563 -0.391679  0.175520 -0.412995  0.360445  \n",
       "INDUS   -0.708027  0.595129  0.720760  0.383248 -0.356977  0.603800 -0.483725  \n",
       "CHAS    -0.099176 -0.007368 -0.035587 -0.121515  0.048788 -0.053929  0.175260  \n",
       "NOX     -0.769230  0.611441  0.668023  0.188933 -0.380051  0.590879 -0.427321  \n",
       "RM       0.205246 -0.209847 -0.292048 -0.355501  0.128069 -0.613808  0.695360  \n",
       "AGE     -0.747881  0.456022  0.506456  0.261515 -0.273534  0.602339 -0.376955  \n",
       "DIS      1.000000 -0.494588 -0.534432 -0.232471  0.291512 -0.496996  0.249929  \n",
       "RAD     -0.494588  1.000000  0.910228  0.464741 -0.444413  0.488676 -0.381626  \n",
       "TAX     -0.534432  0.910228  1.000000  0.460853 -0.441808  0.543993 -0.468536  \n",
       "PTRATIO -0.232471  0.464741  0.460853  1.000000 -0.177383  0.374044 -0.507787  \n",
       "B        0.291512 -0.444413 -0.441808 -0.177383  1.000000 -0.366087  0.333461  \n",
       "LSTAT   -0.496996  0.488676  0.543993  0.374044 -0.366087  1.000000 -0.737663  \n",
       "PRICE    0.249929 -0.381626 -0.468536 -0.507787  0.333461 -0.737663  1.000000  "
      ]
     },
     "execution_count": 9,
     "metadata": {},
     "output_type": "execute_result"
    }
   ],
   "source": [
    "boston_df=pd.read_csv('./data/boston_house_price.csv')\n",
    "boston_df.corr()"
   ]
  },
  {
   "cell_type": "code",
   "execution_count": 11,
   "metadata": {},
   "outputs": [
    {
     "data": {
      "text/html": [
       "<style type=\"text/css\">\n",
       "#T_fe220_row0_col13, #T_fe220_row4_col13, #T_fe220_row9_col13 {\n",
       "  background-color: #e75337;\n",
       "  color: #f1f1f1;\n",
       "}\n",
       "#T_fe220_row1_col13 {\n",
       "  background-color: #acdae9;\n",
       "  color: #000000;\n",
       "}\n",
       "#T_fe220_row2_col13 {\n",
       "  background-color: #e44c34;\n",
       "  color: #f1f1f1;\n",
       "}\n",
       "#T_fe220_row3_col13 {\n",
       "  background-color: #f3fbd4;\n",
       "  color: #000000;\n",
       "}\n",
       "#T_fe220_row5_col13 {\n",
       "  background-color: #72abd0;\n",
       "  color: #f1f1f1;\n",
       "}\n",
       "#T_fe220_row6_col13 {\n",
       "  background-color: #ea5739;\n",
       "  color: #f1f1f1;\n",
       "}\n",
       "#T_fe220_row7_col13 {\n",
       "  background-color: #aad8e9;\n",
       "  color: #000000;\n",
       "}\n",
       "#T_fe220_row8_col13 {\n",
       "  background-color: #fa9b58;\n",
       "  color: #000000;\n",
       "}\n",
       "#T_fe220_row10_col13 {\n",
       "  background-color: #e95538;\n",
       "  color: #f1f1f1;\n",
       "}\n",
       "#T_fe220_row11_col13 {\n",
       "  background-color: #ecf8e2;\n",
       "  color: #000000;\n",
       "}\n",
       "#T_fe220_row12_col13 {\n",
       "  background-color: #a50026;\n",
       "  color: #f1f1f1;\n",
       "}\n",
       "#T_fe220_row13_col13 {\n",
       "  background-color: #313695;\n",
       "  color: #f1f1f1;\n",
       "}\n",
       "</style>\n",
       "<table id=\"T_fe220\">\n",
       "  <thead>\n",
       "    <tr>\n",
       "      <th class=\"blank level0\" >&nbsp;</th>\n",
       "      <th id=\"T_fe220_level0_col0\" class=\"col_heading level0 col0\" >CRIM</th>\n",
       "      <th id=\"T_fe220_level0_col1\" class=\"col_heading level0 col1\" >ZN</th>\n",
       "      <th id=\"T_fe220_level0_col2\" class=\"col_heading level0 col2\" >INDUS</th>\n",
       "      <th id=\"T_fe220_level0_col3\" class=\"col_heading level0 col3\" >CHAS</th>\n",
       "      <th id=\"T_fe220_level0_col4\" class=\"col_heading level0 col4\" >NOX</th>\n",
       "      <th id=\"T_fe220_level0_col5\" class=\"col_heading level0 col5\" >RM</th>\n",
       "      <th id=\"T_fe220_level0_col6\" class=\"col_heading level0 col6\" >AGE</th>\n",
       "      <th id=\"T_fe220_level0_col7\" class=\"col_heading level0 col7\" >DIS</th>\n",
       "      <th id=\"T_fe220_level0_col8\" class=\"col_heading level0 col8\" >RAD</th>\n",
       "      <th id=\"T_fe220_level0_col9\" class=\"col_heading level0 col9\" >TAX</th>\n",
       "      <th id=\"T_fe220_level0_col10\" class=\"col_heading level0 col10\" >PTRATIO</th>\n",
       "      <th id=\"T_fe220_level0_col11\" class=\"col_heading level0 col11\" >B</th>\n",
       "      <th id=\"T_fe220_level0_col12\" class=\"col_heading level0 col12\" >LSTAT</th>\n",
       "      <th id=\"T_fe220_level0_col13\" class=\"col_heading level0 col13\" >PRICE</th>\n",
       "    </tr>\n",
       "  </thead>\n",
       "  <tbody>\n",
       "    <tr>\n",
       "      <th id=\"T_fe220_level0_row0\" class=\"row_heading level0 row0\" >CRIM</th>\n",
       "      <td id=\"T_fe220_row0_col0\" class=\"data row0 col0\" >1.000000</td>\n",
       "      <td id=\"T_fe220_row0_col1\" class=\"data row0 col1\" >-0.571660</td>\n",
       "      <td id=\"T_fe220_row0_col2\" class=\"data row0 col2\" >0.735524</td>\n",
       "      <td id=\"T_fe220_row0_col3\" class=\"data row0 col3\" >0.041537</td>\n",
       "      <td id=\"T_fe220_row0_col4\" class=\"data row0 col4\" >0.821465</td>\n",
       "      <td id=\"T_fe220_row0_col5\" class=\"data row0 col5\" >-0.309116</td>\n",
       "      <td id=\"T_fe220_row0_col6\" class=\"data row0 col6\" >0.704140</td>\n",
       "      <td id=\"T_fe220_row0_col7\" class=\"data row0 col7\" >-0.744986</td>\n",
       "      <td id=\"T_fe220_row0_col8\" class=\"data row0 col8\" >0.727807</td>\n",
       "      <td id=\"T_fe220_row0_col9\" class=\"data row0 col9\" >0.729045</td>\n",
       "      <td id=\"T_fe220_row0_col10\" class=\"data row0 col10\" >0.465283</td>\n",
       "      <td id=\"T_fe220_row0_col11\" class=\"data row0 col11\" >-0.360555</td>\n",
       "      <td id=\"T_fe220_row0_col12\" class=\"data row0 col12\" >0.634760</td>\n",
       "      <td id=\"T_fe220_row0_col13\" class=\"data row0 col13\" >-0.558891</td>\n",
       "    </tr>\n",
       "    <tr>\n",
       "      <th id=\"T_fe220_level0_row1\" class=\"row_heading level0 row1\" >ZN</th>\n",
       "      <td id=\"T_fe220_row1_col0\" class=\"data row1 col0\" >-0.571660</td>\n",
       "      <td id=\"T_fe220_row1_col1\" class=\"data row1 col1\" >1.000000</td>\n",
       "      <td id=\"T_fe220_row1_col2\" class=\"data row1 col2\" >-0.642811</td>\n",
       "      <td id=\"T_fe220_row1_col3\" class=\"data row1 col3\" >-0.041937</td>\n",
       "      <td id=\"T_fe220_row1_col4\" class=\"data row1 col4\" >-0.634828</td>\n",
       "      <td id=\"T_fe220_row1_col5\" class=\"data row1 col5\" >0.361074</td>\n",
       "      <td id=\"T_fe220_row1_col6\" class=\"data row1 col6\" >-0.544423</td>\n",
       "      <td id=\"T_fe220_row1_col7\" class=\"data row1 col7\" >0.614627</td>\n",
       "      <td id=\"T_fe220_row1_col8\" class=\"data row1 col8\" >-0.278767</td>\n",
       "      <td id=\"T_fe220_row1_col9\" class=\"data row1 col9\" >-0.371394</td>\n",
       "      <td id=\"T_fe220_row1_col10\" class=\"data row1 col10\" >-0.448475</td>\n",
       "      <td id=\"T_fe220_row1_col11\" class=\"data row1 col11\" >0.163135</td>\n",
       "      <td id=\"T_fe220_row1_col12\" class=\"data row1 col12\" >-0.490074</td>\n",
       "      <td id=\"T_fe220_row1_col13\" class=\"data row1 col13\" >0.438179</td>\n",
       "    </tr>\n",
       "    <tr>\n",
       "      <th id=\"T_fe220_level0_row2\" class=\"row_heading level0 row2\" >INDUS</th>\n",
       "      <td id=\"T_fe220_row2_col0\" class=\"data row2 col0\" >0.735524</td>\n",
       "      <td id=\"T_fe220_row2_col1\" class=\"data row2 col1\" >-0.642811</td>\n",
       "      <td id=\"T_fe220_row2_col2\" class=\"data row2 col2\" >1.000000</td>\n",
       "      <td id=\"T_fe220_row2_col3\" class=\"data row2 col3\" >0.089841</td>\n",
       "      <td id=\"T_fe220_row2_col4\" class=\"data row2 col4\" >0.791189</td>\n",
       "      <td id=\"T_fe220_row2_col5\" class=\"data row2 col5\" >-0.415301</td>\n",
       "      <td id=\"T_fe220_row2_col6\" class=\"data row2 col6\" >0.679487</td>\n",
       "      <td id=\"T_fe220_row2_col7\" class=\"data row2 col7\" >-0.757080</td>\n",
       "      <td id=\"T_fe220_row2_col8\" class=\"data row2 col8\" >0.455507</td>\n",
       "      <td id=\"T_fe220_row2_col9\" class=\"data row2 col9\" >0.664361</td>\n",
       "      <td id=\"T_fe220_row2_col10\" class=\"data row2 col10\" >0.433710</td>\n",
       "      <td id=\"T_fe220_row2_col11\" class=\"data row2 col11\" >-0.285840</td>\n",
       "      <td id=\"T_fe220_row2_col12\" class=\"data row2 col12\" >0.638747</td>\n",
       "      <td id=\"T_fe220_row2_col13\" class=\"data row2 col13\" >-0.578255</td>\n",
       "    </tr>\n",
       "    <tr>\n",
       "      <th id=\"T_fe220_level0_row3\" class=\"row_heading level0 row3\" >CHAS</th>\n",
       "      <td id=\"T_fe220_row3_col0\" class=\"data row3 col0\" >0.041537</td>\n",
       "      <td id=\"T_fe220_row3_col1\" class=\"data row3 col1\" >-0.041937</td>\n",
       "      <td id=\"T_fe220_row3_col2\" class=\"data row3 col2\" >0.089841</td>\n",
       "      <td id=\"T_fe220_row3_col3\" class=\"data row3 col3\" >1.000000</td>\n",
       "      <td id=\"T_fe220_row3_col4\" class=\"data row3 col4\" >0.068426</td>\n",
       "      <td id=\"T_fe220_row3_col5\" class=\"data row3 col5\" >0.058813</td>\n",
       "      <td id=\"T_fe220_row3_col6\" class=\"data row3 col6\" >0.067792</td>\n",
       "      <td id=\"T_fe220_row3_col7\" class=\"data row3 col7\" >-0.080248</td>\n",
       "      <td id=\"T_fe220_row3_col8\" class=\"data row3 col8\" >0.024579</td>\n",
       "      <td id=\"T_fe220_row3_col9\" class=\"data row3 col9\" >-0.044486</td>\n",
       "      <td id=\"T_fe220_row3_col10\" class=\"data row3 col10\" >-0.136065</td>\n",
       "      <td id=\"T_fe220_row3_col11\" class=\"data row3 col11\" >-0.039810</td>\n",
       "      <td id=\"T_fe220_row3_col12\" class=\"data row3 col12\" >-0.050575</td>\n",
       "      <td id=\"T_fe220_row3_col13\" class=\"data row3 col13\" >0.140612</td>\n",
       "    </tr>\n",
       "    <tr>\n",
       "      <th id=\"T_fe220_level0_row4\" class=\"row_heading level0 row4\" >NOX</th>\n",
       "      <td id=\"T_fe220_row4_col0\" class=\"data row4 col0\" >0.821465</td>\n",
       "      <td id=\"T_fe220_row4_col1\" class=\"data row4 col1\" >-0.634828</td>\n",
       "      <td id=\"T_fe220_row4_col2\" class=\"data row4 col2\" >0.791189</td>\n",
       "      <td id=\"T_fe220_row4_col3\" class=\"data row4 col3\" >0.068426</td>\n",
       "      <td id=\"T_fe220_row4_col4\" class=\"data row4 col4\" >1.000000</td>\n",
       "      <td id=\"T_fe220_row4_col5\" class=\"data row4 col5\" >-0.310344</td>\n",
       "      <td id=\"T_fe220_row4_col6\" class=\"data row4 col6\" >0.795153</td>\n",
       "      <td id=\"T_fe220_row4_col7\" class=\"data row4 col7\" >-0.880015</td>\n",
       "      <td id=\"T_fe220_row4_col8\" class=\"data row4 col8\" >0.586429</td>\n",
       "      <td id=\"T_fe220_row4_col9\" class=\"data row4 col9\" >0.649527</td>\n",
       "      <td id=\"T_fe220_row4_col10\" class=\"data row4 col10\" >0.391309</td>\n",
       "      <td id=\"T_fe220_row4_col11\" class=\"data row4 col11\" >-0.296662</td>\n",
       "      <td id=\"T_fe220_row4_col12\" class=\"data row4 col12\" >0.636828</td>\n",
       "      <td id=\"T_fe220_row4_col13\" class=\"data row4 col13\" >-0.562609</td>\n",
       "    </tr>\n",
       "    <tr>\n",
       "      <th id=\"T_fe220_level0_row5\" class=\"row_heading level0 row5\" >RM</th>\n",
       "      <td id=\"T_fe220_row5_col0\" class=\"data row5 col0\" >-0.309116</td>\n",
       "      <td id=\"T_fe220_row5_col1\" class=\"data row5 col1\" >0.361074</td>\n",
       "      <td id=\"T_fe220_row5_col2\" class=\"data row5 col2\" >-0.415301</td>\n",
       "      <td id=\"T_fe220_row5_col3\" class=\"data row5 col3\" >0.058813</td>\n",
       "      <td id=\"T_fe220_row5_col4\" class=\"data row5 col4\" >-0.310344</td>\n",
       "      <td id=\"T_fe220_row5_col5\" class=\"data row5 col5\" >1.000000</td>\n",
       "      <td id=\"T_fe220_row5_col6\" class=\"data row5 col6\" >-0.278082</td>\n",
       "      <td id=\"T_fe220_row5_col7\" class=\"data row5 col7\" >0.263168</td>\n",
       "      <td id=\"T_fe220_row5_col8\" class=\"data row5 col8\" >-0.107492</td>\n",
       "      <td id=\"T_fe220_row5_col9\" class=\"data row5 col9\" >-0.271898</td>\n",
       "      <td id=\"T_fe220_row5_col10\" class=\"data row5 col10\" >-0.312923</td>\n",
       "      <td id=\"T_fe220_row5_col11\" class=\"data row5 col11\" >0.053660</td>\n",
       "      <td id=\"T_fe220_row5_col12\" class=\"data row5 col12\" >-0.640832</td>\n",
       "      <td id=\"T_fe220_row5_col13\" class=\"data row5 col13\" >0.633576</td>\n",
       "    </tr>\n",
       "    <tr>\n",
       "      <th id=\"T_fe220_level0_row6\" class=\"row_heading level0 row6\" >AGE</th>\n",
       "      <td id=\"T_fe220_row6_col0\" class=\"data row6 col0\" >0.704140</td>\n",
       "      <td id=\"T_fe220_row6_col1\" class=\"data row6 col1\" >-0.544423</td>\n",
       "      <td id=\"T_fe220_row6_col2\" class=\"data row6 col2\" >0.679487</td>\n",
       "      <td id=\"T_fe220_row6_col3\" class=\"data row6 col3\" >0.067792</td>\n",
       "      <td id=\"T_fe220_row6_col4\" class=\"data row6 col4\" >0.795153</td>\n",
       "      <td id=\"T_fe220_row6_col5\" class=\"data row6 col5\" >-0.278082</td>\n",
       "      <td id=\"T_fe220_row6_col6\" class=\"data row6 col6\" >1.000000</td>\n",
       "      <td id=\"T_fe220_row6_col7\" class=\"data row6 col7\" >-0.801610</td>\n",
       "      <td id=\"T_fe220_row6_col8\" class=\"data row6 col8\" >0.417983</td>\n",
       "      <td id=\"T_fe220_row6_col9\" class=\"data row6 col9\" >0.526366</td>\n",
       "      <td id=\"T_fe220_row6_col10\" class=\"data row6 col10\" >0.355384</td>\n",
       "      <td id=\"T_fe220_row6_col11\" class=\"data row6 col11\" >-0.228022</td>\n",
       "      <td id=\"T_fe220_row6_col12\" class=\"data row6 col12\" >0.657071</td>\n",
       "      <td id=\"T_fe220_row6_col13\" class=\"data row6 col13\" >-0.547562</td>\n",
       "    </tr>\n",
       "    <tr>\n",
       "      <th id=\"T_fe220_level0_row7\" class=\"row_heading level0 row7\" >DIS</th>\n",
       "      <td id=\"T_fe220_row7_col0\" class=\"data row7 col0\" >-0.744986</td>\n",
       "      <td id=\"T_fe220_row7_col1\" class=\"data row7 col1\" >0.614627</td>\n",
       "      <td id=\"T_fe220_row7_col2\" class=\"data row7 col2\" >-0.757080</td>\n",
       "      <td id=\"T_fe220_row7_col3\" class=\"data row7 col3\" >-0.080248</td>\n",
       "      <td id=\"T_fe220_row7_col4\" class=\"data row7 col4\" >-0.880015</td>\n",
       "      <td id=\"T_fe220_row7_col5\" class=\"data row7 col5\" >0.263168</td>\n",
       "      <td id=\"T_fe220_row7_col6\" class=\"data row7 col6\" >-0.801610</td>\n",
       "      <td id=\"T_fe220_row7_col7\" class=\"data row7 col7\" >1.000000</td>\n",
       "      <td id=\"T_fe220_row7_col8\" class=\"data row7 col8\" >-0.495806</td>\n",
       "      <td id=\"T_fe220_row7_col9\" class=\"data row7 col9\" >-0.574336</td>\n",
       "      <td id=\"T_fe220_row7_col10\" class=\"data row7 col10\" >-0.322041</td>\n",
       "      <td id=\"T_fe220_row7_col11\" class=\"data row7 col11\" >0.249595</td>\n",
       "      <td id=\"T_fe220_row7_col12\" class=\"data row7 col12\" >-0.564262</td>\n",
       "      <td id=\"T_fe220_row7_col13\" class=\"data row7 col13\" >0.445857</td>\n",
       "    </tr>\n",
       "    <tr>\n",
       "      <th id=\"T_fe220_level0_row8\" class=\"row_heading level0 row8\" >RAD</th>\n",
       "      <td id=\"T_fe220_row8_col0\" class=\"data row8 col0\" >0.727807</td>\n",
       "      <td id=\"T_fe220_row8_col1\" class=\"data row8 col1\" >-0.278767</td>\n",
       "      <td id=\"T_fe220_row8_col2\" class=\"data row8 col2\" >0.455507</td>\n",
       "      <td id=\"T_fe220_row8_col3\" class=\"data row8 col3\" >0.024579</td>\n",
       "      <td id=\"T_fe220_row8_col4\" class=\"data row8 col4\" >0.586429</td>\n",
       "      <td id=\"T_fe220_row8_col5\" class=\"data row8 col5\" >-0.107492</td>\n",
       "      <td id=\"T_fe220_row8_col6\" class=\"data row8 col6\" >0.417983</td>\n",
       "      <td id=\"T_fe220_row8_col7\" class=\"data row8 col7\" >-0.495806</td>\n",
       "      <td id=\"T_fe220_row8_col8\" class=\"data row8 col8\" >1.000000</td>\n",
       "      <td id=\"T_fe220_row8_col9\" class=\"data row8 col9\" >0.704876</td>\n",
       "      <td id=\"T_fe220_row8_col10\" class=\"data row8 col10\" >0.318330</td>\n",
       "      <td id=\"T_fe220_row8_col11\" class=\"data row8 col11\" >-0.282533</td>\n",
       "      <td id=\"T_fe220_row8_col12\" class=\"data row8 col12\" >0.394322</td>\n",
       "      <td id=\"T_fe220_row8_col13\" class=\"data row8 col13\" >-0.346776</td>\n",
       "    </tr>\n",
       "    <tr>\n",
       "      <th id=\"T_fe220_level0_row9\" class=\"row_heading level0 row9\" >TAX</th>\n",
       "      <td id=\"T_fe220_row9_col0\" class=\"data row9 col0\" >0.729045</td>\n",
       "      <td id=\"T_fe220_row9_col1\" class=\"data row9 col1\" >-0.371394</td>\n",
       "      <td id=\"T_fe220_row9_col2\" class=\"data row9 col2\" >0.664361</td>\n",
       "      <td id=\"T_fe220_row9_col3\" class=\"data row9 col3\" >-0.044486</td>\n",
       "      <td id=\"T_fe220_row9_col4\" class=\"data row9 col4\" >0.649527</td>\n",
       "      <td id=\"T_fe220_row9_col5\" class=\"data row9 col5\" >-0.271898</td>\n",
       "      <td id=\"T_fe220_row9_col6\" class=\"data row9 col6\" >0.526366</td>\n",
       "      <td id=\"T_fe220_row9_col7\" class=\"data row9 col7\" >-0.574336</td>\n",
